4.700000000000000000e+02
4.390000000000000000e+02
5.010000000000000000e+02
4.060000000000000000e+02
4.490000000000000000e+02
4.910000000000000000e+02
5.340000000000000000e+02
3.720000000000000000e+02
4.110000000000000000e+02
4.500000000000000000e+02
4.890000000000000000e+02
5.280000000000000000e+02
5.670000000000000000e+02
3.390000000000000000e+02
3.770000000000000000e+02
4.140000000000000000e+02
4.510000000000000000e+02
4.890000000000000000e+02
5.260000000000000000e+02
5.630000000000000000e+02
6.010000000000000000e+02
3.060000000000000000e+02
3.470000000000000000e+02
3.880000000000000000e+02
4.290000000000000000e+02
4.700000000000000000e+02
5.110000000000000000e+02
5.520000000000000000e+02
5.930000000000000000e+02
6.340000000000000000e+02
2.720000000000000000e+02
3.120000000000000000e+02
3.510000000000000000e+02
3.910000000000000000e+02
4.300000000000000000e+02
4.700000000000000000e+02
5.090000000000000000e+02
5.490000000000000000e+02
5.880000000000000000e+02
6.280000000000000000e+02
6.680000000000000000e+02
